list(theta0 = -0.1, theta1 = -0.3, theta2 = 1.0, 
     gamma = c(0.0406, 0.0518, 0.0916, 0.117, 0.101, 0.0249, 0.178, 0.0112, 0.00703, 
                      0.0427, 0.112, 0.0599, 0.0131, 0.0599, 0.00738, 0.0259))