list(beta0 = 3, beta1 = 4, beta2 = 8, 
    gamma = c(1.435, 1.4452, 1.4013, 1.2145, 1.4547, 1.519, 1.4103, 1.312, 1.2794, 1.9507, 1.0248, 1.2708, 1.0772, 1.1258,
	1.4658, 1.7443, 1.4568, 1.7619, 1.9945, 1.9549, 1.1669, 1.0522, 1.9516, 1.4272, 1.9826, 1.0503, 1.0687,
	1.7318, 1.6423, 1.7253, 1.8606, 1.3799, 1.4604, 1.4013, 1.8105, 1.1944, 1.5127, 1.6675, 1.9646, 1.7237,
	1.1236, 1.3486, 1.3207, 1.4205, 1.6715, 1.5283, 1.9392, 1.8191, 1.856, 1.8074, 1.914, 1.4292, 1.587, 1.4402,
	1.4528, 1.7178, 1.7896, 1.3419, 1.7756, 1.236, 1.7347, 1.2341, 1.8215, 1.4804, 1.7596, 1.0879, 1.571, 
	1.1607, 1.9535, 1.7979, 1.6197, 1.023, 1.9796, 1.3223, 1.2413, 1.8539, 1.9368, 1.0523, 1.5056, 1.3569,
	1.5191, 1.2819, 1.2342, 1.6008, 1.2186, 1.863, 1.9514, 1.1193, 1.4628, 1.2861, 1.666, 1.0684, 1.4337, 
	1.6453, 1.9405, 1.7658)
)