list(beta0 = 0.3, beta1 = 0.4, beta2 = 0.8, 
    gamma = c(0.435, 0.4452, 0.4013, 0.2145, 0.4547, 0.519, 0.4103, 0.312, 0.2794, 0.9507, 0.0248, 0.2708, 0.0772, 0.1258,
	0.4658, 0.7443, 0.4568, 0.7619, 0.9945, 0.9549, 0.1669, 0.0522, 0.9516, 0.4272, 0.9826, 0.0503, 0.0687,
	0.7318, 0.6423, 0.7253, 0.8606, 0.3799, 0.4604, 0.4013, 0.8105, 0.1944, 0.5127, 0.6675, 0.9646, 0.7237,
	0.1236, 0.3486, 0.3207, 0.4205, 0.6715, 0.5283, 0.9392, 0.8191, 0.856, 0.8074, 0.914, 0.4292, 0.587, 0.4402,
	0.4528, 0.7178, 0.7896, 0.3419, 0.7756, 0.236, 0.7347, 0.2341, 0.8215, 0.4804, 0.7596, 0.0879, 0.571, 
	0.1607, 0.9535, 0.7979, 0.6197, 0.023, 0.9796, 0.3223, 0.2413, 0.8539, 0.9368, 0.0523, 0.5056, 0.3569,
	0.5191, 0.2819, 0.2342, 0.6008, 0.2186, 0.863, 0.9514, 0.1193, 0.4628, 0.2861, 0.666, 0.0684, 0.4337, 
	0.6453, 0.9405, 0.7658)
)