list(alpha = c(-0.02,  -0.07), omega = structure(.Data=c(1000, 0, 0, 10), .Dim=c(2,2))))