list(alpha = c(-0.09253,-0.02152), omega = structure(.Data = c(35.81,-20.98,-20.98,23.12),.Dim = c(2,2)))
