
list(T=366, y = c(2.89037175789616, 2.56494935746154, 3.17805383034795, 
3.68887945411394, 3.13549421592915, 2.484906649788, 3.13549421592915, 
3.04452243772342, 3.43398720448515, 3.52636052461616, 3.63758615972639, 
4.21950770517611, 1.94591014905531, 3.09104245335832, 3.98898404656427, 
4.02535169073515, 4.07753744390572, 3.13549421592915, 2.07944154167984, 
2.94443897916644, NA, 2.89037175789616, 3.09104245335832, 3.04452243772342, 
3.52636052461616, 3.78418963391826, 3.3322045101752, 3.46573590279973, 
2.94443897916644, 2.89037175789616, 3.09104245335832, 3.36729582998647, 
3.40119738166216, 3.13549421592915, 3.29583686600433, 2.56494935746154, 
3.09104245335832, 2.83321334405622, 3.55534806148941, 3.36729582998647, 
3.3322045101752, NA, NA, NA, NA, 3.43398720448515, 3.17805383034795, 
2.89037175789616, 2.77258872223978, 2.484906649788, 2.99573227355399, 
3.04452243772342, 3.04452243772342, 2.77258872223978, 2.77258872223978, 
2.77258872223978, 2.83321334405622, 2.70805020110221, 3.04452243772342, 
3.13549421592915, 2.56494935746154, 2.56494935746154, 2.94443897916644, 
3.36729582998647, 2.56494935746154, 3.04452243772342, 3.2188758248682, 
3.58351893845611, 4.02535169073515, 4.06044301054642, 3.73766961828337, 
3.78418963391826, 2.83321334405622, 3.09104245335832, 3.09104245335832, 
3.17805383034795, 3.40119738166216, 2.63905732961526, 2.56494935746154, 
2.89037175789616, 2.89037175789616, 3.13549421592915, 2.484906649788, 
2.89037175789616, 3.13549421592915, 2.89037175789616, 2.63905732961526, 
2.39789527279837, 2.83321334405622, 2.70805020110221, 3.09104245335832, 
3.40119738166216, 3.68887945411394, 3.04452243772342, 2.94443897916644, 
3.13549421592915, 2.94443897916644, 3.25809653802148, 3.55534806148941, 
4.02535169073515, 3.71357206670431, 3.36729582998647, 3.3322045101752, 
3.36729582998647, 3.29583686600433, 3.13549421592915, 3.29583686600433, 
2.89037175789616, NA, NA, NA, NA, 2.77258872223978, 2.99573227355399, 
3.40119738166216, 3.3322045101752, 2.63905732961526, 2.89037175789616, 
2.83321334405622, 2.77258872223978, 3.2188758248682, 3.09104245335832, 
NA, NA, NA, NA, NA, NA, NA, NA, NA, NA, NA, NA, NA, NA, 3.63758615972639, 
3.71357206670431, 2.89037175789616, 2.77258872223978, NA, NA, 
2.83321334405622, 2.77258872223978, 2.77258872223978, 2.94443897916644, 
2.94443897916644, 2.83321334405622, 2.99573227355399, 3.36729582998647, 
3.36729582998647, 3.09104245335832, 3.09104245335832, 3.13549421592915, 
3.17805383034795, 3.36729582998647, 3.66356164612965, 2.83321334405622, 
2.39789527279837, 2.77258872223978, 2.83321334405622, 3.66356164612965, 
3.2188758248682, 2.39789527279837, 2.56494935746154, 2.70805020110221, 
2.70805020110221, 3.09104245335832, 2.83321334405622, 2.99573227355399, 
2.56494935746154, 2.56494935746154, 2.39789527279837, 2.484906649788, 
2.99573227355399, 3.04452243772342, 2.39789527279837, 2.70805020110221, 
2.07944154167984, 2.77258872223978, 2.99573227355399, 2.94443897916644, 
2.77258872223978, 2.19722457733622, NA, 3.04452243772342, 3.46573590279973, 
3.17805383034795, 3.04452243772342, 3.36729582998647, 3.2188758248682, 
2.99573227355399, 3.55534806148941, 3.2188758248682, 2.70805020110221, 
2.63905732961526, 2.83321334405622, 2.63905732961526, 2.70805020110221, 
2.99573227355399, 3.13549421592915, 2.89037175789616, 2.99573227355399, 
3.2188758248682, 3.43398720448515, 3.13549421592915, 2.63905732961526, 
2.70805020110221, 2.19722457733622, NA, NA, NA, NA, 3.04452243772342, 
2.63905732961526, 2.89037175789616, 3.04452243772342, 3.13549421592915, 
3.55534806148941, 3.49650756146648, 3.76120011569356, 3.55534806148941, 
3.89182029811063, 4.12713438504509, 3.52636052461616, 2.70805020110221, 
2.94443897916644, 3.46573590279973, 3.49650756146648, 3.61091791264422, 
3.85014760171006, 3.97029191355212, 4.02535169073515, 3.52636052461616, 
2.30258509299405, 2.07944154167984, 1.94591014905531, 1.94591014905531, 
2.19722457733622, 2.77258872223978, 2.484906649788, 2.83321334405622, 
2.63905732961526, 2.83321334405622, 2.83321334405622, 2.56494935746154, 
2.56494935746154, 2.83321334405622, 2.83321334405622, 2.56494935746154, 
2.63905732961526, 2.89037175789616, 3.04452243772342, 3.66356164612965, 
3.55534806148941, 2.07944154167984, 2.39789527279837, 2.56494935746154, 
2.70805020110221, 2.94443897916644, 3.36729582998647, 3.76120011569356, 
3.04452243772342, 2.89037175789616, 3.04452243772342, 3.3322045101752, 
3.13549421592915, 2.94443897916644, 3.25809653802148, 3.3322045101752, 
3.40119738166216, 3.29583686600433, 3.78418963391826, 3.36729582998647, 
2.39789527279837, 3.17805383034795, 3.36729582998647, 2.99573227355399, 
2.83321334405622, 3.40119738166216, 2.07944154167984, 2.30258509299405, 
2.30258509299405, 2.19722457733622, 2.19722457733622, 2.19722457733622, 
2.484906649788, 2.89037175789616, 2.56494935746154, 2.89037175789616, 
2.70805020110221, 3.3322045101752, 3.61091791264422, 2.99573227355399, 
2.99573227355399, 3.29583686600433, 2.77258872223978, 2.94443897916644, 
3.58351893845611, 3.71357206670431, 3.2188758248682, 2.99573227355399, 
3.87120101090789, 4.23410650459726, 4.04305126783455, 4.29045944114839, 
4.52178857704904, 3.52636052461616, 3.3322045101752, 2.89037175789616, 
2.77258872223978, 3.25809653802148, 2.484906649788, 1.94591014905531, 
2.39789527279837, 3.43398720448515, 3.66356164612965, 3.52636052461616, 
3.13549421592915, 2.30258509299405, 2.63905732961526, 2.94443897916644, 
2.89037175789616, 2.89037175789616, 2.77258872223978, 2.63905732961526, 
3.13549421592915, 2.56494935746154, 2.94443897916644, 3.63758615972639, 
3.8286413964891, 3.25809653802148, 2.63905732961526, 2.39789527279837, 
2.484906649788, 3.29583686600433, 2.56494935746154, 2.77258872223978, 
2.77258872223978, 3.04452243772342, 2.77258872223978, 2.89037175789616, 
2.89037175789616, 2.63905732961526, NA, 2.56494935746154, 2.70805020110221, 
3.09104245335832, 2.89037175789616, 2.63905732961526, 3.13549421592915, 
3.46573590279973, 3.13549421592915, 3.25809653802148, 3.17805383034795, 
2.63905732961526, 3.43398720448515, 2.70805020110221, 2.484906649788, 
2.70805020110221, 2.19722457733622, 2.39789527279837, 2.484906649788, 
2.63905732961526, 2.39789527279837, 2.19722457733622))
