list(alpha=0.3, prec=0.1, gamma=0.05)