
list(tau = 10.0, alpha0 = 1.0, alpha1 = 1.0)